00096; 10271; Neuruppin-Alt Ruppin; 52.9437; 12.8518
00161; 10520; Andernach; 50.4237; 7.4202
00183; 10091; Arkona; 54.6792; 13.4343
00198; 10460; Artern; 51.3745; 11.2920
00282; 10675; Bamberg; 49.8743; 10.9206
00298; 10180; Barth; 54.3406; 12.7108
00342; 10312; Belm; 52.3170; 8.1694
00430; 10382; Berlin-Tegel; 52.5644; 13.3088
00433; 10384; Berlin-Tempelhof; 52.4675; 13.4021
00460; 10704; Berus; 49.2641; 6.6868
00591; 10249; Boizenburg; 53.3911; 10.6878
00596; 10161; Boltenhagen; 54.0028; 11.1908
00656; 10452; Braunlage; 51.7234; 10.6021
00691; 10224; Bremen; 53.0450; 8.7979
00701; 10129; Bremerhaven; 53.5332; 8.5761
00840; 10574; Carlsfeld; 50.4313; 12.6114
00853; 10577; Chemnitz; 50.7913; 12.8720
00856; 10982; Chieming; 47.8843; 12.5404
00880; 10496; Cottbus; 51.7760; 14.3168
00891; 10131; Cuxhaven; 53.8713; 8.7058
00953; 10615; Deuselbach; 49.7619; 7.0542
00963; 10321; Diepholz; 52.5881; 8.3424
01001; 10490; Doberlug-Kirchhain; 51.6451; 13.5747
01358; 10578; Fichtelberg; 50.4283; 12.9535
01443; 10803; Freiburg; 48.0232; 7.8343
01544; 10359; Gardelegen; 52.5129; 11.3941
01580; 10628; Geisenheim; 49.9859; 7.9548
01587; 10777; Gelbelsee; 48.9481; 11.4289
01605; 10365; Genthin; 52.3875; 12.1601
01694; 10168; Goldberg; 53.6060; 12.1033
01757; 10184; Greifswald; 54.0967; 13.4056
01759; 10097; Greifswalder Oie; 54.2437; 13.9102
02014; 10338; Hannover; 52.4644; 9.6779
02023; 10850; Harburg; 48.7918; 10.7062
02044; 10458; Harzgerode; 51.6520; 11.1367
02115; 10015; Helgoland; 54.1750; 7.8920
02261; 10685; Hof; 50.3123; 11.8760
02497; H981 ; Kall-Sistig; 50.5014; 6.5264
02559; 10946; Kempten; 47.7233; 10.3348
02638; 10818; Klippeneck; 48.1054; 8.7548
02712; 10929; Konstanz; 47.6952; 9.1307
02794; 10267; Kyritz; 52.9363; 12.4093
02812; 10805; Lahr; 48.3647; 7.8280
02856; F707 ; Langenlipsdorf; 51.9173; 13.0878
02907; 10022; Leck; 54.7903; 8.9514
02925; 10449; Leinefelde; 51.3933; 10.3123
03015; 10393; Lindenberg; 52.2085; 14.1180
03126; 10361; Magdeburg; 52.1029; 11.5827
03158; 10396; Manschnow; 52.5468; 14.5452
03166; 10579; Marienberg; 50.6510; 13.1469
03196; 10264; Marnitz; 53.3223; 11.9319
03231; 10548; Meiningen; 50.5612; 10.3771
03244; 10947; Memmingen; 47.9820; 10.1384
03631; 10113; Norderney; 53.7123; 7.1519
03730; 10948; Oberstdorf; 47.3984; 10.2759
03811; 10480; Oschatz; 51.2960; 13.0928
03821; 10565; Osterfeld; 51.0873; 11.9292
03897; 10152; Pelzerhaken; 54.0893; 10.8773
03925; Q332 ; Pforzheim-Ispringen; 48.9329; 8.6973
03987; 10379; Potsdam; 52.3813; 13.0622
04024; 10093; Putbus; 54.3643; 13.4771
04032; N620 ; Quedlinburg; 51.7953; 11.1320
04039; 10146; Quickborn; 53.7331; 9.8776
04104; 10776; Regensburg; 49.0425; 12.1019
04177; 10731; Rheinstetten; 48.9726; 8.3301
04280; 10765; Roth; 49.2162; 11.1035
04464; 10564; Schleiz; 50.5679; 11.8041
04466; 10035; Schleswig; 54.5275; 9.5487
04625; 10162; Schwerin; 53.6425; 11.3872
04642; 10261; Seehausen; 52.8911; 11.7297
04745; 10235; Soltau; 52.9604; 9.7930
04911; 10788; Straubing; 48.8275; 12.5597
05029; 10706; Tholey; 49.4737; 7.0385
05109; 10281; Trollenhagen; 53.5997; 13.3039
05158; 10356; Ummendorf; 52.1601; 11.1759
05347; 10435; Warburg; 51.5039; 9.1118
05371; 10544; Wasserkuppe; 50.4973; 9.9427
05397; 10688; Weiden; 49.6663; 12.1845
05426; 10724; Weinbiet; 49.3758; 8.1213
05480; 10424; Werl; 51.5763; 7.8879
05490; 10454; Wernigerode; 51.8454; 10.7686
05546; 10368; Wiesenburg; 52.1207; 12.4585
05629; 10474; Wittenberg; 51.8892; 12.6445
05797; O805 ; Lichtentanne; 50.6879; 12.4329
05800; 10796; Zwiesel; 49.0280; 13.2385
05825; F431 ; Berge; 52.6198; 12.7867
05839; EW006; Emden; 53.3881; 7.2287
05871; 10616; Hahn; 49.9462; 7.2645
05906; 10729; Mannheim; 49.5062; 8.5585
06314; O536 ; Nossen; 51.0507; 13.3003
06344; L602 ; Runkel-Ennerich; 50.3940; 8.1423
07341; 10641; Offenbach-Wetterpark; 50.0900; 8.7862
07351; 10282; Feldberg/Mecklenburg; 53.3175; 13.4175
07367; 10442; Alfeld; 51.9643; 9.8072
07368; 10540; Eisenach; 51.0007; 10.3621
07374; 10309; Ahaus; 52.0813; 6.9409
07389; F361 ; Heckelberg; 52.7461; 13.8427
07393; 10495; Hoyerswerda; 51.4493; 14.2533
07395; 10872; Gottfrieding; 48.6595; 12.5388
07410; 10537; Neu-Ulrichstein; 50.7513; 9.0224
13674; 10733; Waibstadt; 49.2943; 8.9053
15000; 10505; Aachen-Orsbach; 50.7983; 6.0244
00232; 10852; Augsburg; 48.4253; 10.9417
00303; 10376; Baruth; 52.0614; 13.4996
00164; 10291; Angermünde; 53.0316; 13.9908
00427; 10385; Berlin Brandenburg; 52.3807; 13.5306
00603; P0227; Königswinter-Heiderhof; 50.7293; 7.2040
00662; 10348; Braunschweig; 52.2915; 10.4464
00704; 10139; Bremervörde; 53.4451; 9.1390
01048; O454 ; Dresden-Klotzsche; 51.1280; 13.7543
01078; 10400; Düsseldorf; 51.2960; 6.7686
01200; 10130; Elpersbüttel; 54.0691; 9.0105
01262; 10870; München-Flughafen; 48.3477; 11.8134
01270; 10554; Erfurt-Weimar; 50.9829; 10.9608
01346; 10908; Feldberg/Schwarzwald; 47.8749; 8.0038
01357; P182 ; Fichtelberg/Oberfranken-Hüttstadl; 49.9807; 11.8376
01303; 10410; Essen-Bredeney; 51.4041; 6.9677
01420; L838 ; Frankfurt/Main; 50.0259; 8.5213
01468; 10815; Freudenstadt; 48.4538; 8.4090
01503; 10210; Friesoythe-Altenoythe; 53.0643; 7.9022
01550; 10963; Garmisch-Partenkirchen; 47.4830; 11.0621
01612; 10567; Gera-Leumnitz; 50.8813; 12.1289
01639; 10532; Gießen/Wettenberg; 50.6017; 8.6439
01684; 10499; Görlitz; 51.1622; 14.9506
01691; 10444; Göttingen; 51.5002; 9.9507
01766; 10315; Münster/Osnabrück; 52.1344; 7.6969
01803; B334 ; Groß Lüsewitz; 54.0714; 12.3238
01832; 10791; Großer Arber; 49.1129; 13.1338
01869; 10289; Grünow; 53.3153; 13.9338
01886; P606 ; Günzburg; 48.4878; 10.2608
01975; 10147; Hamburg-Fuhlsbüttel; 53.6332; 9.9881
02171; 10542; Hersfeld, Bad; 50.8520; 9.7377
02252; O598 ; Bertsdorf-Hörnitz; 50.8990; 14.7457
02290; 10962; Hohenpeißenberg; 47.8009; 11.0108
02483; 10427; Kahler Asten; 51.1803; 8.4891
02485; 10747; Kaisersbach-Cronhütte; 48.9170; 9.6871
02564; 10046; Kiel-Holtenau; 54.3776; 10.1424
02597; 10658; Kissingen, Bad; 50.2240; 10.0792
02601; P0050; Kleiner Feldberg/Taunus; 50.2218; 8.4469
02667; 10513; Köln-Bonn; 50.8646; 7.1575
02878; N769 ; Lauchstädt, Bad; 51.3909; 11.8786
02928; 10471; Leipzig-Holzhausen; 51.3151; 12.4462
02932; 10469; Leipzig/Halle; 51.4348; 12.2396
02985; 10591; Lichtenhain-Mittelndorf; 50.9383; 14.2093
03028; 10430; Lippspringe, Bad; 51.7854; 8.8388
03032; 10020; List auf Sylt; 55.0110; 8.4125
03086; 10156; Lübeck-Blankensee; 53.8025; 10.6989
03093; 10253; Lüchow; 52.9724; 11.1374
03098; 10418; Lüdenscheid; 51.2452; 7.6425
03167; 10526; Marienberg, Bad; 50.6621; 7.9603
03268; 10827; Meßstetten-Appental; 48.1694; 8.9433
03287; L947 ; Michelstadt-Vielbrunn; 49.7176; 9.0997
03362; 10736; Mühlacker; 48.9721; 8.8734
03366; 10875; Mühldorf; 48.2790; 12.5024
03376; F475 ; Müncheberg; 52.5176; 14.1232
03379; 10865; München-Stadt; 48.1632; 11.5429
03402; K2753; Münsingen-Apfelstetten; 48.3851; 9.4837
03513; 10557; Neuhaus am Rennweg; 50.5002; 11.1344
03660; 10506; Nürburg-Barweiler; 50.3602; 6.8697
03668; 10763; Nürnberg; 49.5030; 11.0549
03761; 10742; Öhringen; 49.2070; 9.5176
04036; N748 ; Querfurt-Mühle Lodersleben; 51.3895; 11.5412
04094; Q879 ; Weingarten, Kr. Ravensburg; 47.8062; 9.6206
04271; P0175; Rostock-Warnemünde; 54.1803; 12.0808
04336; 10708; Saarbrücken-Ensheim; 49.2128; 7.1077
04371; 10325; Salzuflen, Bad; 52.1042; 8.7521
04393; EW020; Sankt Peter-Ording; 54.3279; 8.6031
04501; 10552; Schmücke; 50.6546; 10.7693
04887; 10836; Stötten; 48.6656; 9.8648
04928; 10739; Stuttgart (Schnarrenberg); 48.8281; 9.2000
04931; 10738; Stuttgart-Echterdingen; 48.6883; 9.2235
05100; 10609; Trier-Petrisberg; 49.7479; 6.6583
05142; 10193; Ueckermünde; 53.7444; 14.0697
05349; 10268; Waren (Müritz); 53.5196; 12.6654
05404; 10863; Weihenstephan-Dürnast; 48.4024; 11.6946
05440; 10761; Weißenburg-Emetzheim; 49.0115; 10.9308
05516; EW027; Fehmarn; 54.5283; 11.0606
05538; P831 ; Wielenbach (Demollstr.); 47.8827; 11.1576
05705; 10655; Würzburg; 49.7704; 9.9576
05779; 10582; Zinnwald-Georgenfeld; 50.7314; 13.7516
05856; 10895; Fürstenzell; 48.5451; 13.3532
06159; K1091; Dörpen; 52.9542; 7.3196
06163; 10150; Dörnick; 54.1654; 10.3519
07369; 10756; Feuchtwangen-Heilbronn; 49.1623; 10.3661
07370; 10782; Waldmünchen; 49.3910; 12.6838
07394; 10686; Wunsiedel-Schönbrunn; 50.0315; 11.9745
07396; 10534; Hoherodskopf/Vogelsberg; 50.5084; 9.2247
07403; 10945; Leutkirch-Herlazhofen; 47.7955; 10.0324
07412; 10646; Neuhütten/Spessart; 50.0083; 9.4238
13711; M765 ; Krölpa-Rockendorf; 50.6820; 11.5150
13965; N1043; Balingen-Bronnhaupten; 48.2639; 8.8134
15207; 10441; Schauenburg-Elgershausen; 51.2835; 9.3590
15444; 10840; Ulm-Mähringen; 48.4418; 9.9216
